0010010010000000000000000000000000000000000000000000
0000010010000011000100000001000000000000000000000000
0000111010100000000010000001101100000000000000000000
0000011010100000000010000001101100000000000000000000
0011010100000000000000000000000000000000000000000000
0000010010000011000100000001000001000000000000000000
0000110101100000000010000001101100000100000000000000
0000101101100000000010000001101100000100000000000000
0000100101100000000100000010000011000000000000000000
0000010010000011000100000001000010000000000000000000
0101101111010000000000000000000000001010001010000010
0101101111010000000000000000000000001010001010000010
0000010010000000100000100001100000000000000000000000
0000010010000011000001000001000000000000000000000000
0000010010000010000010000000010100000100000000000000
0000011100100000000010000000000000000000000000000000
0001010000000000000000000000000000111000000000000000
0001010001000000000000000000000000110000000000000000
0100110011100000110000000000000000000000000000000000
0100110011100000110000000000000000000000000000000000
0000010010000010110000100101100000000000000000000000
0000010010000010110000100100011000000100000000000000
0000010010000000100000100000010000000100000000000000
0000010000010000000100000000000011001000000000000000
0000010001010000000100000000000011000000000000000000
0001011001010000000000000000000000101000000000000000
0111011000000000000000000000000000000000010000000000
0000010010000011001000000000000000001000000000000000
0001011100010010010000000100000000101000000000000000
0001011101010000000000000000000000100000000000000000
0000010010000000101000010000000000001000000000000000
0000010010000011001000000000000000000000000000000000
1000000000000100000000000000000000000000000000000000
0001100001010000000000000000000000101000000000000000
0101101110000010000000001010000000000000000001010000
0000100000001000001000000000000000001000000000000000
0001100100010000000000000000000000101000000000000000
0001100101010000000000000000000000101000000000000000
0000100010000001001000000000000000001010000000000100
0000101011000000101000010000000000001000000000000000
0001101000010000000000000000000000101000000000000000
0000110100100010000000001010000000000000000001011000
0000010010000000101000010000000000001000000000000000
0000100100100010000000001010000000000000000001010000
0000000000000000000000000000000000000000000000000000
0111010111000000000000000000000000001000010000000000
0000010010000000000000000000000000000000000000000000
0000110000100010000000001010000000000000000001011000
0001110000000000000000000000000000111000000000000000
0000111111010000000000000000000000001010001010000010
0000101001010000000000000000000000001000000100000000
0110100001000000000000000000000000001000010000000000
0001110100000000000000000000000000111000000000000000
0111011001000000000000000000000000001000010000000000
0000101000100000000000000000000000000000000000100000
0101101111010000000000000000000000001010001010000010
0101101111010000000000000000000000001010001010000010
0101101111010000000000000000000000001010001010000010
0111011101000000000000000000000000000000010000000000
0101101111010000000000000000000000001010001010000011
0000000000000000000000000000000000000000000000000000
0101101111010000000000000000000000001010001010000010
0000010010000010000000001010000000000001000001000000
0000101111000010000000001010000000000000100001001000
