001001001000000000000000000000000000000000000000000000000000000000
000001001000001100010000000100000000000000000000000000000000000000
000011001110000000001000000110110000000000000000000010000000001100
000001101010000000001000000110110000000000000000000010000000010010
001101010000000000000000000000000000000000000000000000000000000000
000001001000001100010000000100000100000000000000000000000000000000
000011001110000000001000000110110000110000000000000010000000001110
000001101010000000001000000110110000110000000000000010000000010000
000011001110000000010000001000001100100000000000000010000000001000
000001001000001100010000000100001000000000000000000000000000000000
010110110001000000000000000000000000101000101000001001000000000000
010110110001000000000000000000000000101000101000001001000000000000
000001001000000010000010000110000000000000000000000000000000000000
000001001000001100000100000100000000000000000000000000000000000000
000001001000001000001000000001010000010000000000000000000000000000
000011001110000000001000000000000000100000000000000010000010010100
000101000000000000000000000000000011100000000000000000000000000000
000101000100000000000000000000000011000000000000000000000000000000
010011001110000011000000000000000000100000000000000010000000000110
010011001110000011000000000000000000100000000000000010000000000110
000001001000001011000010010110000000000000000000000000000000000000
000001001000001011000010010001100000010000000000000000000000000000
000001001000000010000010000001000000010000000000000000000000000000
000001000001000000010000000000001100100000000000000000000000000000
000001000101000000010000000000001100000000000000000000000000000000
000101100101000000000000000000000010100000000000000000000000000000
011011100010000000000000000000000000000001000000000000100000000000
000001001000001100100000000000000000100000000000000000000000000000
000101110001001001000000010000000010100000000000000000000000000000
000101110101000000000000000000000010000000000000000000000000000000
000001001000000010100001000000000000100000000000000000000000000000
000001001000001100100000000000000000000000000000000000000000000000
100000000000010000000000000000000000000001000000000000000100000000
000110000101000000000000000000000010100000000000000000000000000000
010110111000001000000000101000000000000000000101000000000000000000
000010000000100000100000000000000000100000000000000000000000000000
000110010001000000000000000000000010100000000000000000000000000000
000110010101000000000000000000000010100000000000000000000000000000
000010001000000100100000000000000000101000000000010000000000000000
000010101100000010100001000000000000100000000000000000000000000000
000110100001000000000000000000000010100000000000000000000000000000
000011010001000000000000000000000000100000010000000000000000000000
000001001000000010100001000000000000100000000000000000000000000000
000011001110001000000000101000000000000000000101000010000000001010
000001101010001000000000101000000000000000000101100010000000000000
000110110101000000000000000000000010100000000000000000000000000000
000001001000000000000000000000000000000000000000000000000000000000
011111010101000000100000000000000000100001000000000000000000100000
000111000000000000000000000000000011100000000000000000000000000000
000011000001000000000000000000000000100000000000000000010000000000
000001101010001000000000101000000000000000000101100010000000000010
011010110110000000000000000000000000000001000000000000100000000000
000111010000000000000000000000000011100000000000000000000000000000
000111010100000000000000000000000011100000000000000000000000000000
000010100010000000000000000000000000000000000010000010000000000100
000000000010000000100000000000000000100000000000000000001000000001
000111100001000000000000000000000010100000000000000000000000000000
010110110000000000000000000000000000001000101000001001000000000000
011111010101000000100000000000000000100001000000000000000001000000
010110110000000000000000000000000000001000101000001101000000000000
000010110000001000000000101000000000000010000100100000000000000000
010110110000000000000000000000000000001000101000001001000000000000
000001001000001000000000101000000000000100000100000000000000000000
000000000000000000000000000000000000000000000000000000000000000000
